78)28 11611 11611· 1.

79 29 1111117616.

80 30 *96161177611111 Ι.
81 91 1’.7616111 Wolfersl.

Α lll 1611.

1 1161196111616 111011116161.
2 (1111611 0111161161 611 6161111666. 111.
Duieburg (776161).
9 176116111161111. r
4 Paul Kurgess 616 0116161161.
6 Wilhelm Miillenholf.
6 nugo 16611161 l.
7 {wilhelm 661161 6111 9616111611 776161.
89 8 *161616 91616161666 1161611 (776661).
90 9 Heinrich 6611611161.
91 10 *77611161 Greeven Il 1116 96661161, Kr.
11616.
92 11 Hermann Hennes 11.
99 12 *11611 Nugel.
94 19 leeg? 91661 611 9111111611, Κ1. 11661
( 616.
96 14 1’6116111111111116.
96 16 0116 961661101111118(776666,1110616611).
97 16 11611 861166 p l 616 061661 (716161).
98 17)11616116161111. Δ
99 18 EdmundWelter.

17. gynu.

100 1 1161111616161161161.
101 2 171116111961616119661111(176161).
102 9 (1111619611861.
109 4 Ἥκω 916886116116111 91661161, Kr.
611.
104 6 171116111 96111161.
106 6 Julius Dilthey 611 1161116111, 111. 11661.
106 7 JuliueFunckelll.
107 8 KerlKremer.
108 9 Adollheehenwitz.
109 10 0666111611616611.
110 11 ΙΒ1ίιέ1ἃ61ἰ611866116 01611111, Kr. Solingen
616).
*PuulLembeekllaueHemminlreannlleee
1711161111 1111111611 116111 Μ61661161, 111.
Duiuburg¹
116111761661661111.
9161616161 9616116 11.
1116611 von 9616616 lll.
Heinrich 91616111611 61101611 11961611-
zullern (176161).
117 18 1111611 Repling 6119616111111776161.
118 19 7611861161111661661,
119 20 961111618611111161117.
120 21 11116111161111.
121 22 *17111161 11616161 ll 611 01611611611118
(176661).
122 23 171116111176111611. Ι
129 24 911111 77686161191118611618,111. 11666.
124 26 Leopold Whrz 11 611 1161661 (776661).

111 12
112 19

119 14
114 16
116 16
116 17

17 real.

126 1 1161666116111611661961161111111111161.
126 2 LouisThen-Bergh.

127 9 Louie Bruun 6116 1161116111 (776661).

128 4 Hugollortenll.

129 6 August Lundh

190 6 71116 11611 1 6111 9161616611, 111. Reor.
191 7 Max 1611611116 611 flamminium, 111. Rene.
132 8 77616611161166116119111611111661.
199 9 *9616111696616111

194 10 August Schnepp ll 616 011611 (176161).
186 11 1111166 Underberg.

7

196 1 1616119661611.

197 2 0116 96116161.

138 3 6161616619611161 6111 91111611, Κ1. 9666.

199 4 *Jacob Beyer.

140 5 Julius Brundi 611 6161111666. 111111ιί11118.

141 6 ¹''Friedrieh Cappenberg 111 1111111.

142 7 11611061166661.

143) 8 Theodor Ellringhofl.

144· 9 leun Finelre 1.

146 10 96111616911611611.

146 11 Δ6ἕ11 ἓ16866161111611116619166116161,

1. es. ι

147 12 Η61111611171611111811.

148 19 Ilugo Geerlingll.

149 l 14 Giinther von Heinemnun 11 611 116866-
, burg (776161).

16οῗ16 August 161 HompelIl.

161 110 1711161111 1186161116.

162)17 11118661Κ61661611.

169 18 Mux 1161161111.

164) 19 Hugo 1111166119111616611 (776161).

166)20 11611 11611611.

111 . 11 l 111 1111 11 1111661111, 16. 161.

167 22 l Friedrich 11616111 116 Μ1111161 (776161).

168 29 1 9611111116 Μ616116111 611 11111161, 111. 711·

1161 (0111816161 111. 9661). .

169 24 1111161Μί6161,

160 26 *Heinrich 1161161161161.

161 28 1161111611611 616 111161 (Fert 91116161·

Ι 161776661).

¹ 182 27 (1161111110661166111.

169 28 ¹ 1111111161 1161661617.

164 291*Κ61191618611,

166 90 August Rulolie.

166 91 911118116611611.

167 92191111 9611111161 7.

168 99 ) Friedrich Sehnnpp 111 1111011661 (776161).
169 34 *Julius Schneider 11.

170 9619611661161661111.

171 96 Η18691611111.

172 87 *Ludwig 7161111161 1111116161 (176161).
179 98 wilhelm 77616616.

174 98 9611176616161111611.

(78 1 116111 6661111.

(78 2 16111966161 ll.

177 3 91116 916111 611 9161111618, 111. Ahen-
11116161 (176161).

(78 4 Hermann Coenon.

179 5 AugueiOreemer.

(8ο 8 11611 Curtius 6111 11.-611111611171111).

(8() 7 EmilDiehrich.

(88Ι 8 Morithwere. ⁴

(88) 9 16611 916661.

 

